T1:
Epocas = 1121
Tempo  = 16.0683
Acerto = 100%

Saidas Reais:

0.0000    0.0043    0.9959
0.9991    0.0012    0.0000
0.0000    0.0042    0.9963
0.0037    0.9865    0.0011
0.0000    0.0873    0.9251
0.9397    0.0621    0.0000
0.0013    0.9876    0.0028
0.0004    0.9813    0.0098
0.9758    0.0298    0.0000
0.9948    0.0054    0.0000
0.0004    0.9809    0.0100
0.9875    0.0117    0.0000
0.0000    0.0016    0.9986
0.0000    0.0028    0.9973
0.0000    0.0012    0.9991
0.9938    0.0066    0.0000
0.0000    0.3087    0.7125
0.0015    0.9842    0.0026

Desejado:
0     0     1
1     0     0
0     0     1
0     1     0
0     0     1
1     0     0
0     1     0
0     1     0
1     0     0
1     0     0
0     1     0
1     0     0
0     0     1
0     0     1
0     0     1
1     0     0
0     0     1
0     1     0

==============================================

T2:
Epocas = 1161
Tempo  = 15.9819
Acerto = 100%

Saidas Reais:

0.0000    0.0037    0.9968
0.9989    0.0029    0.0000
0.0000    0.0036    0.9972
0.0028    0.9874    0.0010
0.0000    0.0902    0.9261
0.9400    0.0622    0.0000
0.0009    0.9880    0.0024
0.0002    0.9808    0.0089
0.9747    0.0289    0.0000
0.9941    0.0075    0.0000
0.0002    0.9799    0.0094
0.9865    0.0151    0.0000
0.0000    0.0012    0.9991
0.0000    0.0024    0.9980
0.0000    0.0008    0.9994
0.9928    0.0104    0.0000
0.0000    0.3058    0.7133
0.0010    0.9847    0.0023

Desejado:
0     0     1
1     0     0
0     0     1
0     1     0
0     0     1
1     0     0
0     1     0
0     1     0
1     0     0
1     0     0
0     1     0
1     0     0
0     0     1
0     0     1
0     0     1
1     0     0
0     0     1
0     1     0

==============================================
T3:
Epocas = 1097
Tempo  = 15.2847
Acerto = 100%

Saidas Reais:

0.0000    0.0035    0.9961
0.9994    0.0003    0.0000
0.0000    0.0034    0.9965
0.0040    0.9864    0.0014
0.0000    0.0887    0.9246
0.9391    0.0569    0.0000
0.0013    0.9873    0.0032
0.0004    0.9813    0.0109
0.9754    0.0211    0.0000
0.9956    0.0026    0.0000
0.0004    0.9803    0.0113
0.9889    0.0078    0.0000
0.0000    0.0012    0.9987
0.0000    0.0023    0.9975
0.0000    0.0008    0.9991
0.9950    0.0035    0.0000
0.0000    0.2991    0.6966
0.0015    0.9830    0.0030

Desejado:
0     0     1
1     0     0
0     0     1
0     1     0
0     0     1
1     0     0
0     1     0
0     1     0
1     0     0
1     0     0
0     1     0
1     0     0
0     0     1
0     0     1
0     0     1
1     0     0
0     0     1
0     1     0

==============================================
T4:
Epocas = 1238
Tempo  = 16.9844
Acerto = 100%

0.0000    0.0040    0.9974
0.9973    0.0074    0.0000
0.0000    0.0039    0.9977
0.0028    0.9901    0.0009
0.0000    0.0932    0.9302
0.9347    0.0672    0.0000
0.0009    0.9898    0.0022
0.0003    0.9814    0.0084
0.9684    0.0398    0.0000
0.9898    0.0146    0.0000
0.0003    0.9805    0.0086
0.9804    0.0234    0.0000
0.0000    0.0013    0.9993
0.0000    0.0026    0.9984
0.0000    0.0008    0.9996
0.9872    0.0214    0.0000
0.0000    0.3022    0.7080
0.0010    0.9879    0.0021

Saidas Pós-Processadas do MLP

ans =

0     0     1
1     0     0
0     0     1
0     1     0
0     0     1
1     0     0
0     1     0
0     1     0
1     0     0
1     0     0
0     1     0
1     0     0
0     0     1
0     0     1
0     0     1
1     0     0
0     0     1
0     1     0

==============================================
T5:
Epocas = 1172
Tempo  = 16.5351
Acerto = 100%

0.0000    0.0043    0.9965
0.9984    0.0041    0.0000
0.0000    0.0042    0.9971
0.0030    0.9869    0.0010
0.0000    0.0870    0.9284
0.9364    0.0645    0.0000
0.0010    0.9881    0.0025
0.0003    0.9803    0.0090
0.9704    0.0343    0.0000
0.9922    0.0101    0.0000
0.0003    0.9795    0.0094
0.9844    0.0177    0.0000
0.0000    0.0015    0.9990
0.0000    0.0028    0.9978
0.0000    0.0011    0.9994
0.9916    0.0123    0.0000
0.0000    0.2963    0.7064
0.0012    0.9855    0.0022

Saidas Pós-Processadas do MLP

ans =

0     0     1
1     0     0
0     0     1
0     1     0
0     0     1
1     0     0
0     1     0
0     1     0
1     0     0
1     0     0
0     1     0
1     0     0
0     0     1
0     0     1
0     0     1
1     0     0
0     0     1
0     1     0

==============================================
